[0.013513513513513514, 0.26576576576576577, 0.0045045045045045045, 0.009009009009009009, 0.009009009009009009]
[0.009009009009009009, 0.036036036036036036, 0.0045045045045045045, 0.0045045045045045045, 0.0045045045045045045]
[0.0045045045045045045, 0.018018018018018018, 0.9099099099099099, 0.036036036036036036, 0.0045045045045045045]
[0.0045045045045045045, 0.0045045045045045045, 0.0045045045045045045, 0.8693693693693694, 0.0045045045045045045]
[0.009009009009009009, 0.24324324324324326, 0.0045045045045045045, 0.009009009009009009, 0.0045045045045045045]
[0.0045045045045045045, 0.0045045045045045045, 0.009009009009009009, 0.0045045045045045045, 0.0045045045045045045]
[0.0045045045045045045, 0.009009009009009009, 0.0045045045045045045, 0.0045045045045045045, 0.0045045045045045045]
[0.7432432432432432, 0.06756756756756757, 0.0045045045045045045, 0.0045045045045045045, 0.18018018018018017]
[0.0045045045045045045, 0.009009009009009009, 0.0045045045045045045, 0.0045045045045045045, 0.0045045045045045045]
[0.013513513513513514, 0.0945945945945946, 0.0045045045045045045, 0.0045045045045045045, 0.0045045045045045045]
[0.02702702702702703, 0.03153153153153153, 0.0045045045045045045, 0.0045045045045045045, 0.02252252252252252]
[0.0045045045045045045, 0.0045045045045045045, 0.0045045045045045045, 0.0045045045045045045, 0.0045045045045045045]
[0.009009009009009009, 0.009009009009009009, 0.0045045045045045045, 0.0045045045045045045, 0.0045045045045045045]
[0.0045045045045045045, 0.0045045045045045045, 0.0045045045045045045, 0.009009009009009009, 0.0045045045045045045]
[0.0045045045045045045, 0.0045045045045045045, 0.0045045045045045045, 0.0045045045045045045, 0.009009009009009009]
[0.0045045045045045045, 0.036036036036036036, 0.0045045045045045045, 0.0045045045045045045, 0.0045045045045045045]
[0.0045045045045045045, 0.013513513513513514, 0.0045045045045045045, 0.0045045045045045045, 0.02252252252252252]
[0.11261261261261261, 0.1036036036036036, 0.0045045045045045045, 0.0045045045045045045, 0.6936936936936937]
[0.0045045045045045045, 0.009009009009009009, 0.0045045045045045045, 0.0045045045045045045, 0.0045045045045045045]
[0.013513513513513514, 0.03153153153153153, 0.0045045045045045045, 0.0045045045045045045, 0.0045045045045045045]
