[0.009009009009009009, 0.009009009009009009, 0.20270270270270271, 0.0045045045045045045, 0.018018018018018018]
[0.0045045045045045045, 0.0045045045045045045, 0.04054054054054054, 0.0045045045045045045, 0.0045045045045045045]
[0.0045045045045045045, 0.0045045045045045045, 0.0045045045045045045, 0.05855855855855856, 0.0045045045045045045]
[0.0045045045045045045, 0.0045045045045045045, 0.0045045045045045045, 0.009009009009009009, 0.0045045045045045045]
[0.04954954954954955, 0.0045045045045045045, 0.0045045045045045045, 0.0045045045045045045, 0.013513513513513514]
[0.5720720720720721, 0.02252252252252252, 0.3063063063063063, 0.0045045045045045045, 0.018018018018018018]
[0.013513513513513514, 0.6351351351351351, 0.0045045045045045045, 0.6576576576576577, 0.0045045045045045045]
[0.0045045045045045045, 0.018018018018018018, 0.0045045045045045045, 0.009009009009009009, 0.0045045045045045045]
[0.0045045045045045045, 0.0045045045045045045, 0.009009009009009009, 0.0045045045045045045, 0.0045045045045045045]
[0.009009009009009009, 0.0045045045045045045, 0.04504504504504504, 0.009009009009009009, 0.0045045045045045045]
[0.0045045045045045045, 0.009009009009009009, 0.0045045045045045045, 0.0045045045045045045, 0.0045045045045045045]
[0.0045045045045045045, 0.0045045045045045045, 0.18018018018018017, 0.12612612612612611, 0.0045045045045045045]
[0.009009009009009009, 0.0045045045045045045, 0.0045045045045045045, 0.013513513513513514, 0.7027027027027027]
[0.009009009009009009, 0.0045045045045045045, 0.009009009009009009, 0.009009009009009009, 0.0045045045045045045]
[0.0045045045045045045, 0.009009009009009009, 0.06306306306306306, 0.036036036036036036, 0.009009009009009009]
[0.0045045045045045045, 0.15315315315315314, 0.07207207207207207, 0.013513513513513514, 0.06756756756756757]
[0.013513513513513514, 0.009009009009009009, 0.018018018018018018, 0.009009009009009009, 0.0990990990990991]
[0.0045045045045045045, 0.0045045045045045045, 0.009009009009009009, 0.0045045045045045045, 0.009009009009009009]
[0.0045045045045045045, 0.0045045045045045045, 0.009009009009009009, 0.009009009009009009, 0.0045045045045045045]
[0.26576576576576577, 0.08558558558558559, 0.0045045045045045045, 0.009009009009009009, 0.013513513513513514]
