[0.009009009009009009, 0.018018018018018018, 0.20270270270270271, 0.009009009009009009, 0.009009009009009009]
[0.0045045045045045045, 0.0045045045045045045, 0.036036036036036036, 0.009009009009009009, 0.0045045045045045045]
[0.0045045045045045045, 0.0045045045045045045, 0.0045045045045045045, 0.05855855855855856, 0.0045045045045045045]
[0.0045045045045045045, 0.0045045045045045045, 0.009009009009009009, 0.013513513513513514, 0.013513513513513514]
[0.04954954954954955, 0.0045045045045045045, 0.0045045045045045045, 0.0045045045045045045, 0.018018018018018018]
[0.5765765765765766, 0.03153153153153153, 0.32432432432432434, 0.0045045045045045045, 0.009009009009009009]
[0.009009009009009009, 0.6261261261261262, 0.0045045045045045045, 0.6396396396396397, 0.0045045045045045045]
[0.0045045045045045045, 0.0045045045045045045, 0.0045045045045045045, 0.009009009009009009, 0.0045045045045045045]
[0.0045045045045045045, 0.0045045045045045045, 0.009009009009009009, 0.0045045045045045045, 0.0045045045045045045]
[0.0045045045045045045, 0.0045045045045045045, 0.04504504504504504, 0.0045045045045045045, 0.0045045045045045045]
[0.013513513513513514, 0.018018018018018018, 0.0045045045045045045, 0.009009009009009009, 0.0045045045045045045]
[0.009009009009009009, 0.0045045045045045045, 0.1981981981981982, 0.12612612612612611, 0.009009009009009009]
[0.0045045045045045045, 0.0045045045045045045, 0.0045045045045045045, 0.018018018018018018, 0.7072072072072072]
[0.013513513513513514, 0.0045045045045045045, 0.0045045045045045045, 0.009009009009009009, 0.009009009009009009]
[0.009009009009009009, 0.009009009009009009, 0.05855855855855856, 0.036036036036036036, 0.009009009009009009]
[0.0045045045045045045, 0.13963963963963963, 0.06306306306306306, 0.013513513513513514, 0.04954954954954955]
[0.009009009009009009, 0.0045045045045045045, 0.009009009009009009, 0.0045045045045045045, 0.11261261261261261]
[0.0045045045045045045, 0.0045045045045045045, 0.0045045045045045045, 0.0045045045045045045, 0.0045045045045045045]
[0.0045045045045045045, 0.0045045045045045045, 0.0045045045045045045, 0.009009009009009009, 0.0045045045045045045]
[0.25675675675675674, 0.0990990990990991, 0.0045045045045045045, 0.013513513513513514, 0.013513513513513514]
