[0.0045045045045045045, 0.14864864864864866, 0.4864864864864865, 0.009009009009009009, 0.009009009009009009]
[0.0045045045045045045, 0.0045045045045045045, 0.013513513513513514, 0.0045045045045045045, 0.0045045045045045045]
[0.04054054054054054, 0.009009009009009009, 0.0045045045045045045, 0.009009009009009009, 0.0045045045045045045]
[0.2882882882882883, 0.009009009009009009, 0.0045045045045045045, 0.0045045045045045045, 0.009009009009009009]
[0.0045045045045045045, 0.018018018018018018, 0.0045045045045045045, 0.07657657657657657, 0.0045045045045045045]
[0.03153153153153153, 0.03153153153153153, 0.0945945945945946, 0.0045045045045045045, 0.0045045045045045045]
[0.0045045045045045045, 0.009009009009009009, 0.013513513513513514, 0.0045045045045045045, 0.0045045045045045045]
[0.11711711711711711, 0.0045045045045045045, 0.009009009009009009, 0.27927927927927926, 0.0045045045045045045]
[0.009009009009009009, 0.02252252252252252, 0.0045045045045045045, 0.0045045045045045045, 0.3108108108108108]
[0.02252252252252252, 0.013513513513513514, 0.013513513513513514, 0.17567567567567569, 0.0045045045045045045]
[0.33783783783783783, 0.0045045045045045045, 0.009009009009009009, 0.018018018018018018, 0.009009009009009009]
[0.0045045045045045045, 0.10810810810810811, 0.04954954954954955, 0.013513513513513514, 0.0045045045045045045]
[0.0045045045045045045, 0.0045045045045045045, 0.0045045045045045045, 0.009009009009009009, 0.009009009009009009]
[0.0045045045045045045, 0.009009009009009009, 0.009009009009009009, 0.0045045045045045045, 0.0045045045045045045]
[0.013513513513513514, 0.02252252252252252, 0.02702702702702703, 0.009009009009009009, 0.36036036036036034]
[0.0045045045045045045, 0.3918918918918919, 0.21171171171171171, 0.0045045045045045045, 0.009009009009009009]
[0.03153153153153153, 0.16666666666666666, 0.02702702702702703, 0.0045045045045045045, 0.0045045045045045045]
[0.04954954954954955, 0.009009009009009009, 0.0045045045045045045, 0.17567567567567569, 0.013513513513513514]
[0.009009009009009009, 0.0045045045045045045, 0.0045045045045045045, 0.17117117117117117, 0.22072072072072071]
[0.013513513513513514, 0.009009009009009009, 0.0045045045045045045, 0.018018018018018018, 0.0045045045045045045]
