[0.176974143955276, 0.018634987188446306, 0.018634987188446306, 0.018634987188446306]
[0.1211856510598649, 0.018634987188446306, 0.018634987188446306, 0.02177964127649662]
[0.018634987188446306, 0.018634987188446306, 0.018634987188446306, 0.018634987188446306]
[0.018634987188446306, 0.024807826694619145, 0.018634987188446306, 0.018634987188446306]
[0.021721406941532725, 0.1243303051479152, 0.018634987188446306, 0.021721406941532725]
[0.22641509433962262, 0.02177964127649662, 0.021721406941532725, 0.6240973678080597]
[0.02177964127649662, 0.018634987188446306, 0.6116934544607501, 0.018634987188446306]
[0.021721406941532725, 0.021721406941532725, 0.024807826694619145, 0.018634987188446306]
[0.021721406941532725, 0.02177964127649662, 0.018634987188446306, 0.018634987188446306]
[0.018634987188446306, 0.02177964127649662, 0.02486606102958304, 0.018634987188446306]
[0.018634987188446306, 0.018634987188446306, 0.018634987188446306, 0.018634987188446306]
[0.02795248078266946, 0.018634987188446306, 0.018634987188446306, 0.02177964127649662]
[0.018634987188446306, 0.024807826694619145, 0.018634987188446306, 0.018634987188446306]
[0.024924295364546933, 0.018634987188446306, 0.018634987188446306, 0.02177964127649662]
[0.02177964127649662, 0.018634987188446306, 0.021721406941532725, 0.018634987188446306]
[0.13056137898905193, 0.018634987188446306, 0.018634987188446306, 0.018634987188446306]
[0.028010715117633356, 0.02177964127649662, 0.021721406941532725, 0.018634987188446306]
[0.018634987188446306, 0.018634987188446306, 0.018634987188446306, 0.02486606102958304]
[0.024807826694619145, 0.024807826694619145, 0.018634987188446306, 0.018634987188446306]
[0.018634987188446306, 0.5060563708362451, 0.031213603540647564, 0.021721406941532725]
