[0.02177964127649662, 0.030980666200791984, 0.02486606102958304]
[0.021721406941532725, 0.021721406941532725, 0.018634987188446306]
[0.021721406941532725, 0.027894246447705565, 0.030980666200791984]
[0.03103890053575588, 0.03103890053575588, 0.024807826694619145]
[0.05602143023526671, 0.024807826694619145, 0.018634987188446306]
[0.02795248078266946, 0.018634987188446306, 0.5500815280689494]
[0.021721406941532725, 0.5222455159562078, 0.024807826694619145]
[0.018634987188446306, 0.021721406941532725, 0.018634987188446306]
[0.021721406941532725, 0.021721406941532725, 0.024807826694619145]
[0.02486606102958304, 0.024807826694619145, 0.018634987188446306]
[0.027894246447705565, 0.024807826694619145, 0.018634987188446306]
[0.02177964127649662, 0.034067085953878404, 0.021721406941532725]
[0.021721406941532725, 0.028010715117633356, 0.028010715117633353]
[0.021721406941532725, 0.021721406941532725, 0.018634987188446306]
[0.027894246447705565, 0.024807826694619145, 0.027894246447705565]
[0.02795248078266946, 0.021721406941532725, 0.021721406941532725]
[0.027894246447705565, 0.027894246447705565, 0.018634987188446306]
[0.021721406941532725, 0.02486606102958304, 0.04023992546005124]
[0.021721406941532725, 0.024807826694619145, 0.027894246447705565]
[0.5125203820172374, 0.021721406941532725, 0.021721406941532725]
