[0.009009009009009009, 0.009009009009009009, 0.009009009009009009]
[0.0045045045045045045, 0.0045045045045045045, 0.018018018018018018]
[0.013513513513513514, 0.02252252252252252, 0.05855855855855856]
[0.4954954954954955, 0.0045045045045045045, 0.0045045045045045045]
[0.0045045045045045045, 0.009009009009009009, 0.018018018018018018]
[0.009009009009009009, 0.0045045045045045045, 0.0045045045045045045]
[0.23423423423423423, 0.009009009009009009, 0.013513513513513514]
[0.0045045045045045045, 0.0045045045045045045, 0.1891891891891892]
[0.0045045045045045045, 0.02702702702702703, 0.0045045045045045045]
[0.0045045045045045045, 0.0045045045045045045, 0.07207207207207207]
[0.0045045045045045045, 0.009009009009009009, 0.02252252252252252]
[0.11261261261261261, 0.04054054054054054, 0.0045045045045045045]
[0.04054054054054054, 0.7927927927927928, 0.0045045045045045045]
[0.0045045045045045045, 0.009009009009009009, 0.0045045045045045045]
[0.009009009009009009, 0.0045045045045045045, 0.0045045045045045045]
[0.013513513513513514, 0.009009009009009009, 0.0045045045045045045]
[0.013513513513513514, 0.009009009009009009, 0.0045045045045045045]
[0.0045045045045045045, 0.009009009009009009, 0.545045045045045]
[0.009009009009009009, 0.009009009009009009, 0.009009009009009009]
[0.0045045045045045045, 0.009009009009009009, 0.0045045045045045045]
