[0.028010715117633356, 0.024807826694619145, 0.034067085953878404, 0.04652923363615188]
[0.018634987188446306, 0.021721406941532725, 0.021721406941532725, 0.03115536920568367]
[0.024924295364546933, 0.02177964127649662, 0.03103890053575588, 0.10260889820638247]
[0.027894246447705565, 0.024924295364546933, 0.024924295364546933, 0.03721174004192872]
[0.08082925692988585, 0.018634987188446306, 0.021721406941532725, 0.018634987188446306]
[0.034241788958770086, 0.030980666200791984, 0.5650477521546704, 0.034067085953878404]
[0.024807826694619145, 0.540298159795015, 0.02177964127649662, 0.18308874912648498]
[0.021721406941532725, 0.018634987188446306, 0.031097134870719773, 0.0341253202888423]
[0.021721406941532725, 0.018634987188446306, 0.021721406941532725, 0.018634987188446306]
[0.02177964127649662, 0.02486606102958304, 0.018634987188446306, 0.018634987188446306]
[0.018634987188446306, 0.02486606102958304, 0.018634987188446306, 0.05293501048218029]
[0.021721406941532725, 0.02177964127649662, 0.02177964127649662, 0.03115536920568367]
[0.03721174004192872, 0.018634987188446306, 0.028010715117633353, 0.024807826694619145]
[0.03115536920568367, 0.024807826694619145, 0.018634987188446306, 0.03721174004192872]
[0.028068949452597247, 0.02486606102958304, 0.028010715117633356, 0.09637782436524574]
[0.021721406941532725, 0.04035639412997904, 0.018634987188446306, 0.07430701141392965]
[0.043384579548101564, 0.024807826694619145, 0.018634987188446306, 0.03103890053575588]
[0.018634987188446306, 0.021721406941532725, 0.018634987188446306, 0.06213603540647566]
[0.02795248078266946, 0.021721406941532725, 0.018634987188446306, 0.031097134870719773]
[0.4469485208478919, 0.03115536920568367, 0.018634987188446306, 0.034241788958770086]
