[0.16125087351502446, 0.021721406941532725, 0.018634987188446306, 0.021721406941532725, 0.0681924062427207]
[0.12735849056603774, 0.021721406941532725, 0.018634987188446306, 0.018634987188446306, 0.028010715117633356]
[0.02486606102958304, 0.021721406941532725, 0.018634987188446306, 0.018634987188446306, 0.09626135569531795]
[0.018634987188446306, 0.018634987188446306, 0.021721406941532725, 0.018634987188446306, 0.046587467971115765]
[0.024807826694619145, 0.11175168879571394, 0.021721406941532725, 0.018634987188446306, 0.018634987188446306]
[0.21150710458886557, 0.018634987188446306, 0.018634987188446306, 0.5963195900302818, 0.024807826694619145]
[0.03715350570696482, 0.018634987188446306, 0.6055788492895411, 0.02795248078266946, 0.13358956440717448]
[0.021721406941532725, 0.018634987188446306, 0.021721406941532725, 0.018634987188446306, 0.034241788958770086]
[0.018634987188446306, 0.02177964127649662, 0.021721406941532725, 0.021721406941532725, 0.018634987188446306]
[0.018634987188446306, 0.02486606102958304, 0.018634987188446306, 0.018634987188446306, 0.018634987188446306]
[0.018634987188446306, 0.018634987188446306, 0.018634987188446306, 0.024807826694619145, 0.0528767761472164]
[0.040414628464942925, 0.027894246447705565, 0.021721406941532725, 0.018634987188446306, 0.05596319590030282]
[0.018634987188446306, 0.024807826694619145, 0.018634987188446306, 0.034067085953878404, 0.018634987188446306]
[0.018634987188446306, 0.02177964127649662, 0.018634987188446306, 0.018634987188446306, 0.02486606102958304]
[0.024807826694619145, 0.02795248078266946, 0.018634987188446306, 0.018634987188446306, 0.11792452830188678]
[0.13050314465408805, 0.02177964127649662, 0.024924295364546933, 0.02177964127649662, 0.09329140461215933]
[0.021721406941532725, 0.018634987188446306, 0.024807826694619145, 0.018634987188446306, 0.03715350570696482]
[0.018634987188446306, 0.028068949452597247, 0.021721406941532725, 0.018634987188446306, 0.058874912648497556]
[0.018634987188446306, 0.02795248078266946, 0.028010715117633356, 0.02486606102958304, 0.031097134870719773]
[0.024807826694619145, 0.48439319822967625, 0.018634987188446306, 0.02177964127649662, 0.021721406941532725]
