[0.018634987188446306, 0.024807826694619145, 0.02486606102958304]
[0.021721406941532725, 0.021721406941532725, 0.02795248078266946]
[0.018634987188446306, 0.018634987188446306, 0.024807826694619145]
[0.04355928255299324, 0.028010715117633356, 0.018634987188446306]
[0.0803633822501747, 0.02795248078266946, 0.018634987188446306]
[0.02795248078266946, 0.024807826694619145, 0.54979035639413]
[0.018634987188446306, 0.5467621709760074, 0.021721406941532725]
[0.018634987188446306, 0.02177964127649662, 0.018634987188446306]
[0.02795248078266946, 0.02177964127649662, 0.02486606102958304]
[0.02177964127649662, 0.024807826694619145, 0.021721406941532725]
[0.030980666200791984, 0.024807826694619145, 0.018634987188446306]
[0.03103890053575588, 0.021721406941532725, 0.027894246447705565]
[0.018634987188446306, 0.027894246447705565, 0.02795248078266946]
[0.04652923363615188, 0.024807826694619145, 0.021721406941532725]
[0.02486606102958304, 0.018634987188446306, 0.021721406941532725]
[0.021721406941532725, 0.018634987188446306, 0.02486606102958304]
[0.021721406941532725, 0.024807826694619145, 0.018634987188446306]
[0.02486606102958304, 0.02795248078266946, 0.03103890053575588]
[0.02177964127649662, 0.024807826694619145, 0.021721406941532725]
[0.45999301187980435, 0.02486606102958304, 0.03418355462380619]
