[0.0045045045045045045, 0.009009009009009009, 0.013513513513513514, 0.04954954954954955]
[0.0045045045045045045, 0.018018018018018018, 0.009009009009009009, 0.0045045045045045045]
[0.0045045045045045045, 0.0045045045045045045, 0.14414414414414414, 0.0045045045045045045]
[0.009009009009009009, 0.0045045045045045045, 0.013513513513513514, 0.0045045045045045045]
[0.009009009009009009, 0.0045045045045045045, 0.013513513513513514, 0.02252252252252252]
[0.0045045045045045045, 0.8108108108108109, 0.0045045045045045045, 0.02252252252252252]
[0.8513513513513513, 0.0045045045045045045, 0.2927927927927928, 0.02252252252252252]
[0.013513513513513514, 0.0045045045045045045, 0.018018018018018018, 0.0045045045045045045]
[0.013513513513513514, 0.0045045045045045045, 0.0045045045045045045, 0.0045045045045045045]
[0.013513513513513514, 0.0045045045045045045, 0.018018018018018018, 0.018018018018018018]
[0.009009009009009009, 0.0045045045045045045, 0.04954954954954955, 0.0045045045045045045]
[0.0045045045045045045, 0.03153153153153153, 0.018018018018018018, 0.0045045045045045045]
[0.009009009009009009, 0.0045045045045045045, 0.0045045045045045045, 0.0945945945945946]
[0.009009009009009009, 0.0045045045045045045, 0.009009009009009009, 0.0045045045045045045]
[0.0045045045045045045, 0.0045045045045045045, 0.15765765765765766, 0.0045045045045045045]
[0.0045045045045045045, 0.05405405405405406, 0.05855855855855856, 0.13513513513513514]
[0.0045045045045045045, 0.0045045045045045045, 0.018018018018018018, 0.5540540540540541]
[0.0045045045045045045, 0.009009009009009009, 0.013513513513513514, 0.02252252252252252]
[0.0045045045045045045, 0.009009009009009009, 0.02702702702702703, 0.0045045045045045045]
[0.018018018018018018, 0.0045045045045045045, 0.11261261261261261, 0.013513513513513514]
