[0.0045045045045045045, 0.009009009009009009, 0.0045045045045045045, 0.0945945945945946, 0.0045045045045045045]
[0.0045045045045045045, 0.013513513513513514, 0.0045045045045045045, 0.02702702702702703, 0.0045045045045045045]
[0.02702702702702703, 0.0045045045045045045, 0.0045045045045045045, 0.009009009009009009, 0.16666666666666666]
[0.009009009009009009, 0.0045045045045045045, 0.0045045045045045045, 0.009009009009009009, 0.009009009009009009]
[0.0045045045045045045, 0.0045045045045045045, 0.04054054054054054, 0.018018018018018018, 0.04054054054054054]
[0.0045045045045045045, 0.8378378378378378, 0.009009009009009009, 0.05405405405405406, 0.009009009009009009]
[0.6171171171171171, 0.009009009009009009, 0.5135135135135135, 0.0045045045045045045, 0.30180180180180183]
[0.013513513513513514, 0.0045045045045045045, 0.0045045045045045045, 0.0045045045045045045, 0.0045045045045045045]
[0.0045045045045045045, 0.0045045045045045045, 0.0045045045045045045, 0.009009009009009009, 0.0045045045045045045]
[0.14414414414414414, 0.0045045045045045045, 0.013513513513513514, 0.0045045045045045045, 0.02252252252252252]
[0.0045045045045045045, 0.0045045045045045045, 0.02252252252252252, 0.0045045045045045045, 0.009009009009009009]
[0.0045045045045045045, 0.0045045045045045045, 0.009009009009009009, 0.15315315315315314, 0.07657657657657657]
[0.0045045045045045045, 0.0045045045045045045, 0.009009009009009009, 0.013513513513513514, 0.009009009009009009]
[0.0045045045045045045, 0.0045045045045045045, 0.0045045045045045045, 0.009009009009009009, 0.03153153153153153]
[0.013513513513513514, 0.0045045045045045045, 0.13063063063063063, 0.04504504504504504, 0.0045045045045045045]
[0.013513513513513514, 0.05405405405405406, 0.018018018018018018, 0.13063063063063063, 0.013513513513513514]
[0.013513513513513514, 0.0045045045045045045, 0.013513513513513514, 0.36936936936936937, 0.0045045045045045045]
[0.07207207207207207, 0.009009009009009009, 0.0045045045045045045, 0.02702702702702703, 0.0045045045045045045]
[0.0045045045045045045, 0.009009009009009009, 0.02252252252252252, 0.0045045045045045045, 0.0045045045045045045]
[0.03153153153153153, 0.0045045045045045045, 0.16216216216216217, 0.009009009009009009, 0.2747747747747748]
