[0.17074307011413928, 0.02486606102958304, 0.021721406941532725, 0.018634987188446306, 0.05584672723037503]
[0.13679245283018868, 0.018634987188446306, 0.018634987188446306, 0.021721406941532725, 0.027894246447705565]
[0.018634987188446306, 0.018634987188446306, 0.018634987188446306, 0.018634987188446306, 0.09300023293733985]
[0.018634987188446306, 0.018634987188446306, 0.024807826694619145, 0.024807826694619145, 0.046645702306079666]
[0.024807826694619145, 0.11839040298159793, 0.02177964127649662, 0.018634987188446306, 0.018634987188446306]
[0.20778010715117634, 0.018634987188446306, 0.02486606102958304, 0.6056953179594688, 0.024807826694619145]
[0.018634987188446306, 0.02177964127649662, 0.5560796645702306, 0.018634987188446306, 0.15536920568367107]
[0.021721406941532725, 0.024807826694619145, 0.02795248078266946, 0.021721406941532725, 0.027894246447705565]
[0.027894246447705565, 0.018634987188446306, 0.021721406941532725, 0.021721406941532725, 0.018634987188446306]
[0.02177964127649662, 0.024807826694619145, 0.018634987188446306, 0.018634987188446306, 0.018634987188446306]
[0.018634987188446306, 0.02486606102958304, 0.018634987188446306, 0.021721406941532725, 0.05584672723037503]
[0.031097134870719773, 0.024807826694619145, 0.018634987188446306, 0.021721406941532725, 0.04979035639412998]
[0.02486606102958304, 0.018634987188446306, 0.02795248078266946, 0.018634987188446306, 0.027894246447705565]
[0.018634987188446306, 0.021721406941532725, 0.018634987188446306, 0.021721406941532725, 0.024807826694619145]
[0.018634987188446306, 0.030980666200791984, 0.024807826694619145, 0.018634987188446306, 0.13388073608199394]
[0.13050314465408805, 0.018634987188446306, 0.02486606102958304, 0.02795248078266946, 0.07768460284183554]
[0.031213603540647564, 0.02177964127649662, 0.043384579548101564, 0.018634987188446306, 0.031097134870719773]
[0.018634987188446306, 0.018634987188446306, 0.024807826694619145, 0.021721406941532725, 0.06190309806662007]
[0.021721406941532725, 0.02177964127649662, 0.024807826694619145, 0.018634987188446306, 0.028010715117633356]
[0.018634987188446306, 0.4903331003959935, 0.018634987188446306, 0.02177964127649662, 0.021721406941532725]
