[0.021721406941532725, 0.018634987188446306, 0.018634987188446306]
[0.024807826694619145, 0.024807826694619145, 0.02795248078266946]
[0.018634987188446306, 0.021721406941532725, 0.02795248078266946]
[0.030980666200791984, 0.024807826694619145, 0.024807826694619145]
[0.0747146517586769, 0.018634987188446306, 0.027894246447705565]
[0.018634987188446306, 0.02177964127649662, 0.5373282087118566]
[0.018634987188446306, 0.5528767761472164, 0.021721406941532725]
[0.018634987188446306, 0.024807826694619145, 0.027894246447705565]
[0.021721406941532725, 0.02486606102958304, 0.024807826694619145]
[0.02177964127649662, 0.021721406941532725, 0.02795248078266946]
[0.028010715117633353, 0.018634987188446306, 0.018634987188446306]
[0.04047286279990683, 0.024807826694619145, 0.021721406941532725]
[0.02486606102958304, 0.02486606102958304, 0.034241788958770086]
[0.031097134870719773, 0.02177964127649662, 0.021721406941532725]
[0.021721406941532725, 0.031097134870719773, 0.021721406941532725]
[0.018634987188446306, 0.02486606102958304, 0.018634987188446306]
[0.018634987188446306, 0.024807826694619145, 0.02177964127649662]
[0.021721406941532725, 0.021721406941532725, 0.02795248078266946]
[0.021721406941532725, 0.021721406941532725, 0.021721406941532725]
[0.5028534824132308, 0.03103890053575588, 0.024924295364546933]
