[0.02177964127649662, 0.024807826694619145, 0.024807826694619145]
[0.024807826694619145, 0.024807826694619145, 0.027894246447705565]
[0.021721406941532725, 0.021721406941532725, 0.024924295364546933]
[0.027894246447705565, 0.02486606102958304, 0.02177964127649662]
[0.043384579548101564, 0.0341253202888423, 0.024924295364546933]
[0.02486606102958304, 0.031097134870719773, 0.5372699743768926]
[0.018634987188446306, 0.5247495923596552, 0.02486606102958304]
[0.024807826694619145, 0.018634987188446306, 0.018634987188446306]
[0.018634987188446306, 0.021721406941532725, 0.027894246447705565]
[0.02486606102958304, 0.02795248078266946, 0.027894246447705565]
[0.024807826694619145, 0.02486606102958304, 0.021721406941532725]
[0.03115536920568367, 0.018634987188446306, 0.021721406941532725]
[0.024807826694619145, 0.024807826694619145, 0.021721406941532725]
[0.028010715117633356, 0.021721406941532725, 0.021721406941532725]
[0.034067085953878404, 0.031097134870719773, 0.028010715117633356]
[0.02177964127649662, 0.03115536920568367, 0.03103890053575588]
[0.0373864430468204, 0.021721406941532725, 0.02486606102958304]
[0.021721406941532725, 0.018634987188446306, 0.021721406941532725]
[0.027894246447705565, 0.021721406941532725, 0.02486606102958304]
[0.4969718145818775, 0.03115536920568367, 0.021721406941532725]
