[0.14919636617749824, 0.021721406941532725, 0.021721406941532725, 0.018634987188446306]
[0.13690892150011646, 0.018634987188446306, 0.018634987188446306, 0.024807826694619145]
[0.04029815979501514, 0.018634987188446306, 0.018634987188446306, 0.018634987188446306]
[0.018634987188446306, 0.03103890053575588, 0.02486606102958304, 0.018634987188446306]
[0.030980666200791984, 0.08379920801304448, 0.024807826694619145, 0.018634987188446306]
[0.19857908222688095, 0.018634987188446306, 0.018634987188446306, 0.5900885161891452]
[0.021721406941532725, 0.02177964127649662, 0.5620778010715117, 0.018634987188446306]
[0.02177964127649662, 0.024807826694619145, 0.018634987188446306, 0.018634987188446306]
[0.018634987188446306, 0.03115536920568367, 0.018634987188446306, 0.021721406941532725]
[0.018634987188446306, 0.021721406941532725, 0.018634987188446306, 0.018634987188446306]
[0.018634987188446306, 0.018634987188446306, 0.02486606102958304, 0.018634987188446306]
[0.040414628464942925, 0.024807826694619145, 0.02486606102958304, 0.021721406941532725]
[0.024807826694619145, 0.018634987188446306, 0.03103890053575588, 0.03103890053575588]
[0.02486606102958304, 0.021721406941532725, 0.024807826694619145, 0.02177964127649662]
[0.02177964127649662, 0.021721406941532725, 0.02795248078266946, 0.027894246447705565]
[0.12706731889121825, 0.018634987188446306, 0.024807826694619145, 0.02177964127649662]
[0.028068949452597247, 0.02177964127649662, 0.03732820871185651, 0.021721406941532725]
[0.018634987188446306, 0.021721406941532725, 0.018634987188446306, 0.018634987188446306]
[0.021721406941532725, 0.024807826694619145, 0.02177964127649662, 0.02177964127649662]
[0.018634987188446306, 0.5156068017703238, 0.018634987188446306, 0.02795248078266946]
