[0.009009009009009009, 0.0045045045045045045, 0.0045045045045045045]
[0.0045045045045045045, 0.0045045045045045045, 0.0045045045045045045]
[0.009009009009009009, 0.0045045045045045045, 0.009009009009009009]
[0.013513513513513514, 0.0045045045045045045, 0.0045045045045045045]
[0.17117117117117117, 0.0045045045045045045, 0.0045045045045045045]
[0.0045045045045045045, 0.0045045045045045045, 0.9099099099099099]
[0.009009009009009009, 0.9099099099099099, 0.0045045045045045045]
[0.0045045045045045045, 0.0045045045045045045, 0.0045045045045045045]
[0.0045045045045045045, 0.0045045045045045045, 0.0045045045045045045]
[0.0045045045045045045, 0.0045045045045045045, 0.0045045045045045045]
[0.0045045045045045045, 0.0045045045045045045, 0.0045045045045045045]
[0.0045045045045045045, 0.0045045045045045045, 0.0045045045045045045]
[0.009009009009009009, 0.0045045045045045045, 0.0045045045045045045]
[0.013513513513513514, 0.0045045045045045045, 0.0045045045045045045]
[0.0045045045045045045, 0.0045045045045045045, 0.0045045045045045045]
[0.0045045045045045045, 0.009009009009009009, 0.0045045045045045045]
[0.009009009009009009, 0.0045045045045045045, 0.0045045045045045045]
[0.0045045045045045045, 0.0045045045045045045, 0.0045045045045045045]
[0.0045045045045045045, 0.0045045045045045045, 0.0045045045045045045]
[0.7072072072072072, 0.0045045045045045045, 0.0045045045045045045]
