[0.02830188679245283, 0.04716981132075472, 0.02830188679245283, 0.02830188679245283]
[0.02830188679245283, 0.07547169811320754, 0.03773584905660377, 0.018867924528301886]
[0.02830188679245283, 0.018867924528301886, 0.02830188679245283, 0.03773584905660377]
[0.02830188679245283, 0.03773584905660377, 0.02830188679245283, 0.02830188679245283]
[0.018867924528301886, 0.02830188679245283, 0.03773584905660377, 0.018867924528301886]
[0.018867924528301886, 0.04716981132075472, 0.03773584905660377, 0.02830188679245283]
[0.4716981132075472, 0.0660377358490566, 0.330188679245283, 0.02830188679245283]
[0.018867924528301886, 0.03773584905660377, 0.018867924528301886, 0.018867924528301886]
[0.018867924528301886, 0.018867924528301886, 0.03773584905660377, 0.018867924528301886]
[0.02830188679245283, 0.03773584905660377, 0.018867924528301886, 0.018867924528301886]
[0.02830188679245283, 0.018867924528301886, 0.018867924528301886, 0.03773584905660377]
[0.018867924528301886, 0.169811320754717, 0.17924528301886794, 0.018867924528301886]
[0.018867924528301886, 0.0660377358490566, 0.018867924528301886, 0.49056603773584906]
[0.018867924528301886, 0.02830188679245283, 0.018867924528301886, 0.018867924528301886]
[0.02830188679245283, 0.12264150943396226, 0.04716981132075471, 0.018867924528301886]
[0.018867924528301886, 0.0660377358490566, 0.018867924528301886, 0.02830188679245283]
[0.02830188679245283, 0.04716981132075471, 0.02830188679245283, 0.04716981132075471]
[0.018867924528301886, 0.018867924528301886, 0.018867924528301886, 0.03773584905660377]
[0.018867924528301886, 0.018867924528301886, 0.018867924528301886, 0.02830188679245283]
[0.11320754716981132, 0.02830188679245283, 0.02830188679245283, 0.02830188679245283]
