[0.024807826694619145, 0.018634987188446306, 0.02177964127649662, 0.06213603540647566, 0.05573025856044724]
[0.018634987188446306, 0.02177964127649662, 0.018634987188446306, 0.02795248078266946, 0.018634987188446306]
[0.02177964127649662, 0.021721406941532725, 0.018634987188446306, 0.11198462613556952, 0.021721406941532725]
[0.018634987188446306, 0.021721406941532725, 0.018634987188446306, 0.04355928255299324, 0.021721406941532725]
[0.15216631726065688, 0.021721406941532725, 0.018634987188446306, 0.018634987188446306, 0.030980666200791984]
[0.024924295364546933, 0.018634987188446306, 0.6149545772187283, 0.030980666200791984, 0.027894246447705565]
[0.021721406941532725, 0.590146750524109, 0.021721406941532725, 0.13341486140228276, 0.05584672723037503]
[0.02795248078266946, 0.024807826694619145, 0.018634987188446306, 0.028010715117633356, 0.021721406941532725]
[0.018634987188446306, 0.018634987188446306, 0.024807826694619145, 0.021721406941532725, 0.018634987188446306]
[0.021721406941532725, 0.021721406941532725, 0.018634987188446306, 0.02795248078266946, 0.03721174004192872]
[0.02177964127649662, 0.021721406941532725, 0.02177964127649662, 0.062252504076403446, 0.018634987188446306]
[0.018634987188446306, 0.018634987188446306, 0.018634987188446306, 0.04035639412997904, 0.024807826694619145]
[0.018634987188446306, 0.030980666200791984, 0.018634987188446306, 0.024807826694619145, 0.02486606102958304]
[0.027894246447705565, 0.021721406941532725, 0.018634987188446306, 0.024807826694619145, 0.018634987188446306]
[0.018634987188446306, 0.018634987188446306, 0.018634987188446306, 0.11186815746564173, 0.018634987188446306]
[0.02486606102958304, 0.024924295364546933, 0.021721406941532725, 0.09317493594223153, 0.093466107617051]
[0.018634987188446306, 0.021721406941532725, 0.021721406941532725, 0.030980666200791984, 0.4008269275564873]
[0.018634987188446306, 0.018634987188446306, 0.021721406941532725, 0.034067085953878404, 0.03721174004192872]
[0.024807826694619145, 0.021721406941532725, 0.018634987188446306, 0.027894246447705565, 0.02177964127649662]
[0.4564989517819707, 0.02177964127649662, 0.024807826694619145, 0.04344281388306545, 0.03103890053575588]
