[0.0045045045045045045, 0.009009009009009009, 0.0045045045045045045, 0.07657657657657657]
[0.0045045045045045045, 0.0045045045045045045, 0.0045045045045045045, 0.02252252252252252]
[0.0045045045045045045, 0.0045045045045045045, 0.0045045045045045045, 0.12162162162162163]
[0.013513513513513514, 0.0045045045045045045, 0.0045045045045045045, 0.04054054054054054]
[0.16666666666666666, 0.0045045045045045045, 0.0045045045045045045, 0.0045045045045045045]
[0.0045045045045045045, 0.0045045045045045045, 0.9099099099099099, 0.013513513513513514]
[0.0045045045045045045, 0.8963963963963963, 0.0045045045045045045, 0.18018018018018017]
[0.0045045045045045045, 0.0045045045045045045, 0.0045045045045045045, 0.02252252252252252]
[0.0045045045045045045, 0.0045045045045045045, 0.0045045045045045045, 0.0045045045045045045]
[0.0045045045045045045, 0.0045045045045045045, 0.0045045045045045045, 0.009009009009009009]
[0.0045045045045045045, 0.009009009009009009, 0.0045045045045045045, 0.06306306306306306]
[0.0045045045045045045, 0.0045045045045045045, 0.0045045045045045045, 0.04054054054054054]
[0.009009009009009009, 0.0045045045045045045, 0.0045045045045045045, 0.009009009009009009]
[0.009009009009009009, 0.0045045045045045045, 0.0045045045045045045, 0.013513513513513514]
[0.0045045045045045045, 0.009009009009009009, 0.0045045045045045045, 0.15765765765765766]
[0.0045045045045045045, 0.0045045045045045045, 0.0045045045045045045, 0.1036036036036036]
[0.0045045045045045045, 0.009009009009009009, 0.0045045045045045045, 0.02702702702702703]
[0.0045045045045045045, 0.0045045045045045045, 0.0045045045045045045, 0.06756756756756757]
[0.013513513513513514, 0.0045045045045045045, 0.0045045045045045045, 0.018018018018018018]
[0.7252252252252253, 0.0045045045045045045, 0.009009009009009009, 0.0045045045045045045]
