[0.0045045045045045045, 0.22972972972972974, 0.0045045045045045045, 0.0045045045045045045]
[0.009009009009009009, 0.16216216216216217, 0.009009009009009009, 0.0045045045045045045]
[0.0045045045045045045, 0.0045045045045045045, 0.009009009009009009, 0.0045045045045045045]
[0.0045045045045045045, 0.0045045045045045045, 0.009009009009009009, 0.0045045045045045045]
[0.009009009009009009, 0.0045045045045045045, 0.16216216216216217, 0.009009009009009009]
[0.45045045045045046, 0.3108108108108108, 0.0045045045045045045, 0.0045045045045045045]
[0.09009009009009009, 0.013513513513513514, 0.013513513513513514, 0.8648648648648649]
[0.013513513513513514, 0.0045045045045045045, 0.0045045045045045045, 0.0045045045045045045]
[0.02702702702702703, 0.0045045045045045045, 0.0045045045045045045, 0.0045045045045045045]
[0.018018018018018018, 0.0045045045045045045, 0.0045045045045045045, 0.0045045045045045045]
[0.018018018018018018, 0.009009009009009009, 0.0045045045045045045, 0.0045045045045045045]
[0.13513513513513514, 0.02702702702702703, 0.0045045045045045045, 0.0045045045045045045]
[0.02702702702702703, 0.0045045045045045045, 0.0045045045045045045, 0.0045045045045045045]
[0.036036036036036036, 0.0045045045045045045, 0.0045045045045045045, 0.0045045045045045045]
[0.1036036036036036, 0.0045045045045045045, 0.0045045045045045045, 0.009009009009009009]
[0.018018018018018018, 0.18468468468468469, 0.0045045045045045045, 0.0045045045045045045]
[0.0045045045045045045, 0.009009009009009009, 0.0045045045045045045, 0.02702702702702703]
[0.0045045045045045045, 0.0045045045045045045, 0.0045045045045045045, 0.009009009009009009]
[0.018018018018018018, 0.0045045045045045045, 0.0045045045045045045, 0.018018018018018018]
[0.0045045045045045045, 0.0045045045045045045, 0.7342342342342343, 0.0045045045045045045]
