[0.024807826694619145, 0.018634987188446306, 0.018634987188446306, 0.04670393664104355]
[0.02177964127649662, 0.052643838807360815, 0.018634987188446306, 0.034241788958770086]
[0.021721406941532725, 0.03103890053575588, 0.024807826694619145, 0.08682739343116701]
[0.027894246447705565, 0.018634987188446306, 0.018634987188446306, 0.034067085953878404]
[0.08711856510598648, 0.027894246447705565, 0.03103890053575588, 0.021721406941532725]
[0.031097134870719773, 0.021721406941532725, 0.47868623340321453, 0.02795248078266946]
[0.02177964127649662, 0.5004076403447473, 0.021721406941532725, 0.1616585138597717]
[0.027894246447705565, 0.021721406941532725, 0.024807826694619145, 0.040414628464942925]
[0.02177964127649662, 0.027894246447705565, 0.018634987188446306, 0.024807826694619145]
[0.024807826694619145, 0.02795248078266946, 0.021721406941532725, 0.02486606102958304]
[0.018634987188446306, 0.021721406941532725, 0.02177964127649662, 0.04355928255299324]
[0.018634987188446306, 0.028068949452597247, 0.021721406941532725, 0.07116235732587933]
[0.018634987188446306, 0.024807826694619145, 0.04344281388306545, 0.034067085953878404]
[0.034241788958770086, 0.02486606102958304, 0.018634987188446306, 0.02795248078266946]
[0.03726997437689261, 0.03103890053575588, 0.018634987188446306, 0.09032145352900069]
[0.027894246447705565, 0.024807826694619145, 0.03103890053575588, 0.07448171441882133]
[0.021721406941532725, 0.024807826694619145, 0.03721174004192872, 0.03430002329373399]
[0.018634987188446306, 0.018634987188446306, 0.07116235732587933, 0.052760307477288604]
[0.09591194968553458, 0.027894246447705565, 0.024807826694619145, 0.027894246447705565]
[0.39774050780340087, 0.024807826694619145, 0.034241788958770086, 0.04023992546005124]
