[0.018634987188446306, 0.018634987188446306, 0.018634987188446306]
[0.018634987188446306, 0.021721406941532725, 0.034241788958770086]
[0.021721406941532725, 0.02177964127649662, 0.018634987188446306]
[0.02795248078266946, 0.024807826694619145, 0.018634987188446306]
[0.05573025856044724, 0.02795248078266946, 0.018634987188446306]
[0.024807826694619145, 0.021721406941532725, 0.5589331469834614]
[0.02177964127649662, 0.5651642208245982, 0.018634987188446306]
[0.018634987188446306, 0.021721406941532725, 0.02795248078266946]
[0.018634987188446306, 0.018634987188446306, 0.018634987188446306]
[0.03721174004192872, 0.02177964127649662, 0.018634987188446306]
[0.028010715117633356, 0.02795248078266946, 0.021721406941532725]
[0.018634987188446306, 0.031097134870719773, 0.03103890053575588]
[0.02486606102958304, 0.02177964127649662, 0.031097134870719773]
[0.024807826694619145, 0.018634987188446306, 0.024807826694619145]
[0.02486606102958304, 0.028010715117633356, 0.02795248078266946]
[0.024924295364546933, 0.021721406941532725, 0.024924295364546933]
[0.021721406941532725, 0.024807826694619145, 0.021721406941532725]
[0.02486606102958304, 0.018634987188446306, 0.021721406941532725]
[0.021721406941532725, 0.018634987188446306, 0.018634987188446306]
[0.5218378756114604, 0.024807826694619145, 0.024807826694619145]
