1563.0409597047799
1970.4257668616838
1823.7505787424368
1945.8779677214393
1954.075991402696
2151.8361732902245
2279.368473352388
2341.6015064797202
2371.0199971175293
2442.0210101735147
2455.2915158022583
2483.404419012392
2466.4937437185695
2509.141846228377
2503.6060506795397
2472.256805652375
2487.5795157129346
2491.4694775032976
2471.5698852321957
2451.870076925025
2440.010215519833
2409.9836381783916
2398.153190229779
2392.6430690619236
2351.606782582976
2384.114185458953
2386.951741518022
2405.254998971005
2377.6452557595117
2369.6736666819875
2337.889626917478
2340.096150561614
2363.3445152727577
2361.8004467999212
2351.495189189678
2360.2220930000585
2391.516718877246
2367.3111550701947
2370.1219085983944
2351.749383590651
2371.383058504024
2362.421039612649
2368.435651286892
2344.489886611059
2396.626344104962
2328.7308132900457
2345.4273330761307
2337.0635097579793
2356.95690015482
2351.580924435412
2340.7676498866867
2330.859859852929
2345.827248130704
2364.9193330662415
2359.381558497773
2360.149566344921
2342.033190002059
2323.9410351303827
2297.040305213245
2336.2344591850187
2361.390911633872
2368.150244722032
2344.881579777066
2393.8996818822848
2384.9003482739818
2394.054677306985
2385.0787674134344
2394.1184399465383
2379.594540024642
2342.629772294858
2325.3913413695013
2358.024683555698
2343.040970036988
2316.3407990320998
2327.069287545254
2328.9247264599767
2342.607385556089
2353.1918118941107
2342.7492036926405
2353.8938930913373
2355.3695051062577
2345.589493412132
2389.1124750119043
2379.1034088710244
2347.016425236359
2392.7737758011194
2396.9213580044607
2388.065773159148
2342.8324551186843
2356.223855515719
2339.794143707054
2365.388118242118
2371.3701846919084
2335.734856036462
2335.968109010693
2342.435059688611
2329.772589608172
2326.3163987300863
2321.707056679147
2343.541589001741
2351.782447731099
2339.4604760738475
2376.093470753317
2367.4904292733463
2368.483741924556
2347.5586746970093
2376.5535411711016
2387.024475699734
2360.588754252241
2315.9905574549875
2311.8054210637615
2326.475072010271
2333.9199277972093
2355.253145510037
2349.192022066327
2326.6363388866585
2355.083193341787
2377.1786766042737
2396.400648533865
2394.2365729824564
2343.524417434599
2342.439001542093
2354.7794105047037
2358.725946442128
2397.283518764583
2363.3316266320085
2295.8306315722953
2315.4664668545183
2331.0124966023177
2324.1803391989215
2353.146723271361
2345.9838340011975
2345.9157970773986
2354.385198983251
2357.6080902289614
2384.4465590477166
2358.6735369238036
2353.318226856499
2369.7354691252885
2347.412264646259
2353.3395755282213
2360.973897215451
2365.4418948233574
2373.6642711774753
2314.831345282415
2368.3573399576558
2331.9665352282786
2333.3940572229167
2334.8352840708917
2374.6701409819807
