3945.987241659162
4079.1960297935034
4370.428554748817
4440.8960789851935
4471.616349426878
4481.546150649359
4482.296486669295
4489.03171720521
4481.575122002427
4478.467029294614
4483.020312630607
4475.159565293139
4475.302293858482
4476.606119806872
4484.334840494943
4480.594174464326
4476.903006342589
4473.937583554486
4478.610575601801
4475.616807521609
4479.3304126987605
4479.911419748727
4477.969147641671
4477.067985768275
4474.174827102818
4470.378322311146
4470.840646051104
4481.796269045964
4477.0518758310045
4476.484298657133
4480.007714981579
4476.939045706866
4468.52681513762
4468.111287089736
4485.364507442274
4485.281199812504
4480.5408447456675
4480.70315556203
4467.912969571219
4478.873102825744
4486.889315353197
4468.237563630151
4473.717356929269
4476.655942602166
4480.126800830427
4478.908161208853
4486.977680394958
4480.131642713042
4478.325596396608
4473.756282003889
4477.641689690439
4481.649209645242
4464.59551174137
4483.772531836816
4475.305755376943
4470.318308441509
4474.758939994194
4481.888625541871
4473.548510034023
4484.311582485217
4477.964546006712
4477.045417134209
4482.887672241437
4476.381160048233
4482.597029486701
4479.698696901631
4480.829964803483
4468.245476107536
4472.564122123889
4475.639549761842
4476.221409094111
4480.7144978515535
4467.554749956744
4476.984299119677
4474.432039358298
4483.349873523125
4475.706272295616
4482.679014078674
4477.700217301725
4478.218535007248
4478.357854750292
4481.963036540434
4480.331856480477
4479.352171377552
4478.887190644731
4479.645907224569
4485.955836457845
4471.822221153188
4475.913670469294
4478.173661419905
4471.001998325704
4469.517563481593
4471.247003961584
4473.511156037597
4481.567409266042
4478.8086767736495
4477.501615702241
4479.757622618625
4483.860376293772
4476.858009506965
4478.121087889752
4479.616209544452
4480.544883235965
4475.949866469015
4476.002408359259
4476.904802499801
4475.526408744261
4485.253759349392
4480.463139365492
4479.874962607548
4481.312304898505
4485.17409268158
4481.381658562
4484.027167192437
4489.294747529949
4483.992587887777
4480.7044686792515
4478.469758350203
4480.417512317901
4481.793036045002
4486.536974240902
4485.636913299595
4475.28900939325
4488.177727822471
4474.992279687558
4482.0709917172
4469.019848481724
4472.987703867381
4474.524733313399
4480.1176466357465
4479.805312484717
4484.576940783767
4473.28754955813
4476.904227932363
4482.981994316812
4484.187154230256
4473.487081635612
4474.294268699523
4475.441915555825
4472.794050633515
4475.088398793553
4476.504259716729
4483.482429817262
4479.852297217947
4480.185279005314
4474.951490772662
4470.666315562737
4486.448198874765
4477.978303842628
4477.492797731376
