2976.6497456401485
3441.6717950965876
3642.045646625578
3765.9790433248986
3774.447321935992
3658.5890380708265
3673.5414493416924
3670.7524223877667
3663.2922054911837
3675.353868294942
3667.9240500467754
3664.1747021754754
3669.7997837995545
3676.1788649005457
3666.1522770821125
3669.2772400781764
3673.5585107535294
3668.6076783247554
3657.474869275745
3670.1418984097063
3662.037584424273
3656.4404789690698
3660.702153077221
3659.556356679743
3656.49315815992
3664.5718120061942
3656.5204459508986
3645.8305434441995
3660.805776774245
3662.5928283784688
3659.5489761417775
3646.2635850809074
3660.2285404013073
3664.5413982287378
3655.550166380957
3661.3158304838316
3672.202267213877
3659.3850565714606
3658.199477406008
3663.5745366230667
3662.071852814707
3661.51666973929
3660.8657060922674
3660.43241743535
3643.396680664539
3646.215497948992
3650.1503920256446
3658.7834634793626
3655.5510206231734
3655.022904492523
3663.9731972352542
3654.8888276962757
3650.2580898836377
3661.9902625555997
3670.268602644417
3663.221732748834
3666.9589888305272
3663.6702975830285
3668.4339955425776
3658.512110291977
3659.7950351540685
3657.9172277102934
3653.455842017502
3661.450027880963
3653.346223887831
3650.9411553092996
3654.033935866567
3664.856134960697
3657.7846509256274
3662.1037610914045
3664.9853256003594
3651.4634846312124
3633.9983427974244
3649.9414471543105
3669.194942649762
3675.2161605215297
3653.407841497433
3651.3527796467115
3660.6857326550144
3654.054011819304
3658.085360097129
3659.5961462451055
3657.556659926447
3657.5067762703616
3650.9596957026233
3643.2607720653336
3656.315512058329
3662.5967951457587
3658.148626609218
3653.8400332899187
3650.6472587104777
3651.0374270472207
3651.3071343798038
3653.1976068797203
3656.18478728977
3647.445949113513
3652.7482740467344
3654.91965776942
3642.8948725568725
3649.8479919518154
3647.314650623034
3651.5570239394
3659.981741720047
3644.515387275126
3651.4322497379676
3651.9996120571295
3659.0032260896724
3652.806188814714
3654.772807476947
3657.5520094121534
3663.9116551000243
3650.4191329713144
3655.392764669532
3659.694872999509
3663.3261254695058
3656.5764396503864
3658.884617579793
3663.38156324561
3673.6808908375156
3660.6952522519796
3661.3207770315057
3652.5791198178194
3657.6910736113987
3647.3029853528865
3649.628555828699
3667.236162811748
3666.1979051875433
3661.233803873135
3657.2513883366933
3664.921681997211
3668.659841515369
3671.074388360143
3660.6090766068783
3657.9802192223306
3652.1420022085854
3641.5634175329574
3643.168987059598
3656.10172729867
3658.1177187436224
3664.070022640175
3653.108246253575
3661.0269564127057
3650.891228414385
3651.3531597179144
3661.886097020733
3666.0984031192515
3663.517652459037
3654.781763910691
3658.2794270837535
3663.456913749484
