1989.225359751694
2046.6942204658146
2491.5225395060843
2635.0981164372865
2769.669726817807
2781.7350189623216
2805.7351748736796
2808.445020944006
2809.8472572456985
2845.767316024528
2835.630399252842
2836.084918362278
2851.4134324013207
2871.290160848466
2885.3094173612426
2953.1034068033805
2975.820776800836
2947.4968034188596
2907.9584893053416
2778.491839514463
2795.401516348443
2797.223154956811
2799.5516317333513
2801.5316167323963
2801.6101303922783
2796.8745488621976
2798.4179595385735
2799.8393321058916
2806.2312421995534
2805.2551431149436
2800.123473448294
2804.710593355625
2789.5504757877156
2796.2745207994053
2798.1856248384233
2809.705833888776
2815.676195933866
2799.8932404622296
2802.9649923992197
2800.1282189990256
2802.833466797334
2797.0665283929993
2791.4619543263534
2785.2890618414103
2794.6037572415553
2793.043590372321
2796.7486256224547
2798.0857431920645
2798.5601644315125
2788.390485027949
2795.3573836144533
2803.0266641958638
2802.656742911712
2787.0017192332157
2785.7696092219517
2792.36161337311
2802.383513751566
2786.7094202275193
2796.8542044804303
2796.3334730806378
2803.566141406579
2801.420105461297
2793.568225419805
2796.436627640378
2803.5230139981823
2793.1254706873324
2805.7860476443343
2810.121952854555
2806.694278450932
2804.21936173268
2806.383225336432
2800.9785690010112
2796.443733054707
2805.574839538777
2808.303982977451
2800.1301398201535
2804.009382580576
2803.460662155268
2802.566193050935
2797.0997262134197
2801.545895751169
2803.504867590878
2794.2528542878904
2788.7233838412735
2787.947371868159
2797.35957949219
2797.3200849076848
2799.677484374708
2811.567173840913
2801.294914114684
2792.9054305124805
2798.7204372802084
2801.167567316946
2803.5542968060854
2797.742470923815
2800.2103982104586
2802.995018390449
2801.679821969557
2804.959552704512
2800.476043614631
2804.8556970093705
2792.723764471719
2798.3747967888944
2790.9209255541778
2806.2758663972245
2795.756366712143
2798.816212803976
2809.248170538118
2791.7196975082934
2794.088068960981
2806.7172660274623
2791.6963063725225
2790.1567613169063
2805.2434659871074
2801.9685315309275
2801.599062373284
2806.6635799786377
2802.1626943318965
2801.1715014813544
2805.109592163349
2802.3427170915083
2802.1763166383253
2803.1793305177043
2807.0043204729213
2794.17179636339
2807.52562475356
2809.0979528653797
2807.2133257662526
2801.237995676414
2807.6743627443593
2804.881218470778
2796.551430285063
2802.073530945899
2800.9144312435787
2804.9223580966404
2800.8536502205193
2801.655064891209
2800.4472760187978
2804.764607891742
2806.767832897014
2799.9014643225887
2805.447014398335
2794.908672371775
2801.8593508642757
2798.2088086689146
2802.819041783934
2803.0979125981335
2809.398965630276
2800.538259317577
2807.038446293367
