1936.141452332593
2328.4404335065374
2543.670819638646
2640.894652771568
2585.743389224122
2718.7763440820427
2824.203870772661
2855.4064285867457
2930.51936882147
2947.1040832667986
2901.862153555381
2894.4572430719836
2798.1693762774735
2804.3391717243903
2802.618671090689
2806.8154031933786
2798.7202987523137
2799.503065642956
2788.821339072422
2801.97325354737
2793.286059307821
2801.851160192935
2800.3983396161198
2797.2263766113297
2807.335594719743
2799.600726847161
2804.5965913697787
2808.563650606037
2794.3711929383103
2798.382009770376
2800.6691048748967
2800.7837864342628
2794.927278768133
2799.9784631381162
2791.2982342251103
2804.979230826586
2803.9625275908875
2806.4514398347665
2804.892145458156
2802.5394206694154
2798.0683228751973
2803.6426765576125
2800.1795000103552
2801.0690034076233
2793.581452414574
2793.8892954598623
2783.1788155589393
2794.3496671654316
2794.942546829502
2796.535889227528
2796.7558774926347
2799.9313669986063
2799.0890023292445
2794.5597415271723
2789.03119272189
2794.6503477487
2802.49886722221
2803.8359333535423
2800.5576157557653
2807.0247691467257
2803.245137160002
2801.634399456583
2800.5467836404932
2801.421829338678
2797.721338436734
2798.6583708133767
2806.2293278088455
2799.4296614836944
2799.1216955343834
2796.524715526525
2794.2558857259633
2792.2870922603547
2810.1574447865873
2811.630820527789
2803.709284038158
2796.2100702098687
2799.7473349366674
2791.700685854759
2805.0032152239546
2805.0311214806766
2807.412788578827
2802.5546730617934
2805.425151920759
2802.4117600231357
2797.1842764925473
2798.1169508316507
2793.480298256223
2801.7588798616803
2805.6229607628943
2797.1300132488063
2808.91240410484
2806.1136079417374
2789.587365828911
2802.696991654443
2803.121489903765
2804.760089723607
2803.43307989248
2799.812432969805
2799.793986484828
2798.126976213854
2805.3991676272353
2804.8318307394807
2805.6896812255623
2794.337893087077
2793.9895818077143
2798.982141068341
2799.2527612694553
2791.7213518166845
2805.4665568911814
2801.3887673936847
2802.419328360345
2803.3668222490796
2798.0702523422765
2800.789942190987
2804.399108236374
2796.060675554725
2799.3578514276737
2802.314093935681
2801.7631460322964
2805.1820163174366
2806.501644952087
2811.123574098806
2810.690660137486
2800.752661908515
2806.538846591596
2797.500773658582
2807.0109090565475
2799.7957793318737
2793.6874546136096
2796.5891000084334
2793.727624432948
2801.5890869641594
2799.83374576547
2800.9379197827325
2807.672275493417
2801.4628088671107
2794.792889044451
2794.9024305646035
2789.5270337402653
2798.659483043729
2799.4249075083962
2806.1293549984425
2811.6625897158356
2806.3950406644512
2800.989539130594
2796.683153446866
2799.558271827268
2791.4292383931765
2799.4018545399504
2800.0136374127064
