2869.0719990011075
2964.767834695541
3242.5302836414867
3353.4122359845214
3496.0522340030243
3645.749143273812
3620.4623621737337
3700.7197297187126
3703.0879772220655
3706.181861848798
3749.287242117585
3737.673880403695
3745.3930286338527
3714.61287030927
3712.250295434851
3726.2695384704766
3706.582457338753
3696.0210472412323
3699.059902794107
3717.679838721824
3711.7126240472317
3710.2770081401954
3705.8314118720737
3700.584648198659
3706.9230355034983
3708.765544237135
3680.068539859732
3705.754102219373
3704.777139238203
3717.9678126860385
3720.731284309869
3720.3320665495266
3740.6587900667073
3753.6518346516846
3732.6362168547244
3694.643073260825
3700.982417588815
3709.0660158022138
3724.69555071074
3710.1618760952315
3694.7828276693967
3680.923847857692
3690.3404125120996
3704.855270894129
3722.3658120005534
3717.8650629749523
3733.1223742839334
3730.2803919791886
3737.561776047508
3728.466355512157
3727.496044847961
3717.228681238423
3719.2871241675152
3715.197308999499
3705.341207826443
3726.451905101358
3727.1071086876914
3727.1054125896785
3720.493367608303
3727.1911665551524
3703.846462324521
3703.686902832406
3726.961495376527
3701.0104207074814
3704.6015463456883
3736.3363169291247
3725.979228906419
3722.8868792897165
3732.9532329309486
3733.0939293318456
3732.824869049727
3721.8150681288594
3727.2526899752484
3720.8919262446966
3726.90299933949
3697.875333367521
3695.382933292039
3718.4807187055967
3709.6251377955377
3723.993589241702
3729.899340073976
3720.694033340875
3717.0846041492136
3717.694894270934
3726.543324932564
3713.2468854246013
3707.831422437722
3699.5665364638394
3704.4085661095314
3719.742042858415
3717.1801793337686
3716.4094981877615
3722.119037238401
3727.739536830261
3718.3964368852344
3738.7922638701602
3737.114078872506
3722.253141473501
3722.375107895679
3735.171711786461
3716.5048903534375
3704.9268454410976
3706.4930302500775
3698.0874378932044
3714.080751095417
3721.986498918093
3709.4631699518472
3717.4444891090443
3719.4914225919324
3705.7947763778175
3717.575264606522
3720.7103141623365
3724.779433479738
3722.0830734240053
3730.68868449827
3711.691964140127
3726.921318841229
3697.209822948525
3706.7020475130935
3729.2789414194312
3746.2511540312776
3708.162615559622
3714.055555707037
3724.2860054236917
3723.653609750224
3733.747255847219
3744.7079770099667
3716.9028037132225
3716.154570631181
3710.9037649157867
3725.280683794187
3710.2676357002942
3711.945614841945
3724.8490833228593
3723.593099259561
3720.569607075055
3719.9768582563684
3699.1269034417955
3709.1920243826266
3707.244937366639
3734.66544186692
3711.1936660831852
3724.287192252609
3700.8387556077305
3708.053355291663
3728.134670490803
3715.812124586784
3707.541879922711
3709.8975807048396
3711.494222347391
