3418.630415668958
3454.7711567071274
3581.7612216358807
3756.034485252073
3820.7914050027357
3819.0097199408215
3823.6519673341713
3891.8902656340406
3904.483383305469
3900.6901296596657
3923.5573940514946
3927.19855201195
3971.4310902590623
3965.0831821861357
3960.3513626925796
3924.9627406713626
3950.9547220326876
3964.263137059546
3959.3285299863082
3969.0001702057066
4007.122605178398
3982.625042142321
3972.5377448760178
4007.711435120133
3986.534568406295
3992.589932935683
3997.10528014154
4002.91280718232
4020.2637424502827
4043.0829290103193
4095.207137004033
4008.1773802034327
4023.797374629507
4134.019463139517
4238.097896109358
4260.716667959246
4263.409196617328
4274.82508089715
4279.086163434243
4276.811755818161
4284.545946811594
4293.717458738126
4289.706457873116
4287.897696313395
4288.721950580661
4294.429586614486
4290.441846461213
4284.936239906347
4275.381493646915
4276.15176306006
4281.925860168754
4288.208081368847
4275.991343387395
4295.615392532641
4310.466276748309
4300.192018150054
4299.426394139686
4275.841222173548
4301.908689784326
4293.483036445647
4293.662679505581
4291.211368058509
4288.093882193242
4298.406019532512
4261.603800342422
4287.514253296688
4260.778929036163
4283.178314891093
4283.014247440946
4261.117939843872
4282.631866231994
4274.978268044484
4269.434892848852
4299.467811925517
4282.280319108933
4280.026423851647
4283.002577957788
4268.214122195179
4289.901530822178
4281.1653511539125
4286.252909586597
4277.479036185675
4260.8661771434445
4274.203206852888
4237.971047796247
4252.35347703998
4277.95791982902
4289.570836492973
4275.34947856047
4250.264900063363
4286.221927124151
4295.758485483323
4268.30388395193
4280.89609489048
4282.358590647647
4282.457615263632
4264.6642685928255
4277.402845624369
4266.307323414553
4264.733844446161
4283.256651191272
4279.3899961179995
4257.861163782911
4282.280640991889
4265.9520629684675
4266.556292994975
4249.144226011449
4254.257561859222
4274.318230736237
4260.954081814393
4280.938478978397
4271.4606115145425
4292.852773988811
4280.345685928212
4279.618358147708
4268.497457822577
4310.669439603695
4291.207981339928
4285.591171150536
4296.10835766144
4308.116424990315
4285.533288421206
4277.336753554902
4286.03402408359
4273.479774852453
4277.14532267438
4298.276939206311
4288.085857972928
4290.442942029143
4287.70230332259
4293.196821740185
4280.304448426431
4287.15820613496
4287.403056796275
4293.345856757432
4280.352482904032
4272.184681391768
4271.005870997825
4273.075178797093
4278.07673522675
4277.2983749623245
4256.285394977973
4266.772686865048
4276.931130348725
4304.631685340234
4261.037811816245
4277.844177542923
4284.683993570811
4274.663834320283
4295.426292468238
