[0.1518751455858374, 0.018634987188446306, 0.018634987188446306, 0.03115536920568367, 0.05578849289541113]
[0.13067784765897972, 0.02795248078266946, 0.02486606102958304, 0.028010715117633356, 0.02486606102958304]
[0.03103890053575588, 0.018634987188446306, 0.018634987188446306, 0.02177964127649662, 0.09958071278825996]
[0.018634987188446306, 0.024807826694619145, 0.018634987188446306, 0.018634987188446306, 0.024807826694619145]
[0.024807826694619145, 0.07739343116701607, 0.024807826694619145, 0.021721406941532725, 0.02177964127649662]
[0.2113324015839739, 0.018634987188446306, 0.018634987188446306, 0.5679012345679012, 0.028010715117633356]
[0.018634987188446306, 0.018634987188446306, 0.5711623573258793, 0.018634987188446306, 0.15239925460051243]
[0.021721406941532725, 0.021721406941532725, 0.018634987188446306, 0.018634987188446306, 0.04332634521313766]
[0.02177964127649662, 0.030980666200791984, 0.018634987188446306, 0.018634987188446306, 0.021721406941532725]
[0.028010715117633356, 0.024807826694619145, 0.02177964127649662, 0.018634987188446306, 0.02486606102958304]
[0.018634987188446306, 0.028010715117633353, 0.018634987188446306, 0.021721406941532725, 0.05258560447239693]
[0.03103890053575588, 0.021721406941532725, 0.024924295364546933, 0.018634987188446306, 0.06551362683438156]
[0.018634987188446306, 0.021721406941532725, 0.02795248078266946, 0.018634987188446306, 0.028010715117633353]
[0.024807826694619145, 0.018634987188446306, 0.018634987188446306, 0.02177964127649662, 0.02486606102958304]
[0.018634987188446306, 0.021721406941532725, 0.024807826694619145, 0.021721406941532725, 0.0803633822501747]
[0.14279058933146982, 0.02486606102958304, 0.018634987188446306, 0.02486606102958304, 0.09917307244351269]
[0.02795248078266946, 0.018634987188446306, 0.04035639412997904, 0.021721406941532725, 0.04047286279990683]
[0.021721406941532725, 0.028068949452597247, 0.02177964127649662, 0.028068949452597247, 0.052760307477288604]
[0.018634987188446306, 0.034241788958770086, 0.03121360354064756, 0.028068949452597247, 0.03115536920568367]
[0.018634987188446306, 0.5001747030048916, 0.018634987188446306, 0.03103890053575588, 0.02795248078266946]
