[0.17091777311903097, 0.018634987188446306, 0.018634987188446306, 0.02486606102958304, 0.0683671092476124]
[0.13044491031912414, 0.02177964127649662, 0.027894246447705565, 0.018634987188446306, 0.028010715117633353]
[0.02177964127649662, 0.021721406941532725, 0.018634987188446306, 0.018634987188446306, 0.09923130677847658]
[0.018634987188446306, 0.018634987188446306, 0.018634987188446306, 0.018634987188446306, 0.031097134870719773]
[0.021721406941532725, 0.12700908455625434, 0.021721406941532725, 0.021721406941532725, 0.018634987188446306]
[0.20504309340787327, 0.021721406941532725, 0.018634987188446306, 0.6242138364779874, 0.024807826694619145]
[0.024807826694619145, 0.018634987188446306, 0.614954577218728, 0.018634987188446306, 0.1551362683438155]
[0.021721406941532725, 0.018634987188446306, 0.018634987188446306, 0.018634987188446306, 0.02795248078266946]
[0.018634987188446306, 0.018634987188446306, 0.018634987188446306, 0.018634987188446306, 0.02177964127649662]
[0.024807826694619145, 0.018634987188446306, 0.018634987188446306, 0.021721406941532725, 0.02486606102958304]
[0.018634987188446306, 0.018634987188446306, 0.018634987188446306, 0.018634987188446306, 0.05287677614721639]
[0.0341835546238062, 0.024807826694619145, 0.021721406941532725, 0.018634987188446306, 0.04344281388306545]
[0.018634987188446306, 0.021721406941532725, 0.02177964127649662, 0.018634987188446306, 0.018634987188446306]
[0.021721406941532725, 0.02177964127649662, 0.018634987188446306, 0.018634987188446306, 0.02486606102958304]
[0.021721406941532725, 0.018634987188446306, 0.024807826694619145, 0.021721406941532725, 0.11786629396692289]
[0.14267412066154203, 0.021721406941532725, 0.018634987188446306, 0.018634987188446306, 0.08711856510598648]
[0.02177964127649662, 0.018634987188446306, 0.018634987188446306, 0.018634987188446306, 0.03732820871185651]
[0.02486606102958304, 0.018634987188446306, 0.02486606102958304, 0.02177964127649662, 0.05904961565338923]
[0.018634987188446306, 0.024807826694619145, 0.018634987188446306, 0.018634987188446306, 0.03721174004192872]
[0.018634987188446306, 0.5065804798509201, 0.018634987188446306, 0.021721406941532725, 0.021721406941532725]
