2823.842784955171
3230.8954084196994
3437.072331367958
3606.982987547594
3562.1157556400062
3588.8685800474736
3598.8099113489498
3605.389635779699
3604.9205762894053
3603.6351173732555
3600.8346016438286
3607.7249360754417
3603.237686850055
3605.591336646154
3603.0299727403026
3604.3636480957316
3598.1807025985936
3600.3563129935387
3605.2538329931012
3601.235194126043
3597.991586017441
3603.7169222231755
3606.097602061198
3609.218770920768
3596.9970990431684
3600.1025466252554
3606.1418302090774
3605.632634872539
3598.0378249479772
3600.469176967116
3599.7814423435184
3602.5218064312885
3603.255077214592
3601.1798002630544
3603.8905089919303
