2942.916132807159
3281.3330393678034
3496.7868321140527
3544.9509524187183
3520.6934311245086
3374.9790485031003
3287.7159839512296
3254.683394750756
3229.4073085927885
3223.29863002737
3226.958317803836
3231.615758313222
3231.2406496035883
3230.216261891449
3233.218215054431
3229.945636709521
3239.4015620464966
3236.477277329468
3231.8665640962845
3234.9679583033844
3221.244504091012
3223.7383328113287
3238.644537687723
3235.727951760517
3224.784209800632
3227.1914542032227
3226.4100461719777
3236.8329467444178
3224.991229045595
3230.171575971574
3222.9872020152056
3226.950193131341
3235.209685216488
3240.0944382139796
3234.319572258522
3236.410007034525
3233.6832060490983
3228.145423221229
3231.0526001755475
3229.152381308409
3230.4559600357384
3231.8686770572695
3230.8624125715883
3233.9158747231068
3235.890726326815
3233.6747936298734
3227.9483314151357
3230.4516678308737
3221.441797349976
3229.221424275656
3231.3037496317074
3237.4995979524347
3224.868896617166
3232.5297321608878
3227.867492525153
3228.1454087720804
3233.8299138132156
3231.766798037579
3226.5947318249737
3231.032464997016
3234.872779895074
3237.316966756209
3230.9999489353027
3228.782808737888
3232.38940653115
3234.081487324806
3228.1512103153973
3227.463877714692
3226.7284981245657
3229.3998105734945
3230.8544843234963
3229.824438147582
3233.9218591272293
3226.26982751671
3220.496275095632
3229.6202550002517
3236.2149664405147
3231.3642742009415
3229.874284335533
3228.602586995835
3232.0996985534853
3232.581843582112
3230.70609763343
3232.8715856063864
3237.821343963952
3230.1664995060237
3224.1438482970975
3230.97341949754
3233.5652330888447
3222.1153681695437
3230.394738304914
3233.482525053877
3236.4603841178746
3239.700973631399
3231.776639704139
3232.986706184501
3223.613705372519
3238.4682356621024
3234.3220815906984
3229.5195872998756
3235.905346698125
3229.961215573863
3229.8302420374143
3235.866702512272
3229.8713840638525
3232.5443350757246
3240.4333214717535
3233.526653376149
3233.3540722355383
3234.6787505118564
3232.5205851239134
3227.9211415146756
3222.864788419012
3235.4317615165883
3234.1641465490356
3233.050028335734
3230.0331953963832
3231.197610043687
3227.678218049211
3228.9154946441854
3218.947569814245
3228.1641080380136
3226.361240852283
3231.75025564934
3230.313692328913
3222.104382314814
3222.8231946789983
3225.2770493623543
3236.557127498766
3238.819842468446
3230.9261137838776
3224.6968787719657
3228.9509771903713
3229.875361662174
3229.0364843370967
3227.828230188594
3224.2806243170153
3225.0185157604474
3225.245280300387
3226.474860287876
3227.7428067825385
3224.611738374852
3228.6192489143896
3221.304210138952
3222.6573755253053
3229.211751251106
3226.823959064782
3229.5764501108615
3226.044431988659
3227.5411597478533
