2212.366145571663
2658.6949785843613
3083.0677038081153
3339.936636484263
3445.385657643579
3468.7214699172273
3477.0963041925797
3467.812687115722
3480.1474413206097
3489.634540467822
3494.7898289946124
3507.338818977866
3483.8271939434367
3473.4831980411586
3451.6544070887144
3463.7952608645965
3445.264486786582
3449.5706925525315
3457.3421867552092
3448.2620413184536
3473.982286702554
3468.519928920165
3474.0424556342514
3468.44499766851
3475.1489760696822
3476.1355969401134
3469.421404411054
3478.791869428696
3474.8796414300955
3470.23415019357
3460.1843004112384
3479.6144995006066
3475.9614505913423
3473.96566849017
3467.879503607577
3481.02402617025
3472.340402015746
3484.129779330662
3474.149295674643
3483.6990639788232
3472.679512221342
3476.573111486396
3480.156362569158
3479.388212560415
3476.1261540576643
3478.7093495464937
3470.4540529931214
3471.819881675865
3461.5899367532043
3449.439723358709
3488.528533495494
3462.904490415034
3466.3956084135575
3478.3928804490242
3464.9368347755944
3463.410300504534
3478.6207668630177
3464.084281979189
3496.7240316515395
3474.0750486145844
3491.6835619211215
3470.8686245409053
3490.0407391143185
3483.3900977823164
3485.2138074972227
3482.275814534712
3480.08694585227
3479.184164935504
3471.8437063165575
3486.0854143405977
3505.6956576197294
3476.0082892754635
3484.4499579584262
3485.1022565571225
3482.8321590914693
3461.5369675337924
3448.60512442322
3450.486492574113
3451.007714627788
3450.6004108801603
3444.325295826246
3459.6243328803757
3461.4311564222057
3471.587570217732
3471.2068970007854
3469.108222755985
3477.6624238342542
3474.5095421756605
3475.935092331298
3487.359009274262
3462.634933500161
3469.6452772561265
3481.6618885287567
3487.3257771321614
3475.2169322705204
3476.8255603403104
3467.682544190034
3475.1666665042694
3474.393052626612
3470.016622946445
3475.9829414140395
3470.405092634364
3455.0001139633355
3459.818316555474
3471.388972929239
3472.71052628068
3457.2812571001914
3472.3226294719507
3475.720954688697
3484.6368980622465
3473.8032475855125
3476.353595591655
3474.336881195499
3480.6445037035987
3508.7751195280885
3494.412116254288
3478.787026982003
3475.162864432106
3478.1865247502133
3469.963761743287
3468.2521356158686
3452.685461602296
3456.2029215588004
3463.2179253519653
3470.923492990638
3464.3278919140143
3479.2752643168683
3485.3409103922463
3487.31891335593
3466.3198144300013
3471.099746175292
3458.565132608132
3457.057596897594
3472.3416165025183
3460.8550698153654
3483.1240184973435
3464.32143307895
3468.8351577307476
3469.050708175909
3476.1726164238503
3447.509126775595
3466.329340785932
3478.3332966797343
3474.398669137791
3466.834893609206
3463.4060051294596
3464.235285522012
3484.4685562934174
3507.5543363205734
3488.9658851542677
