[0.013513513513513514, 0.018018018018018018, 0.0045045045045045045, 0.08558558558558559]
[0.0045045045045045045, 0.0045045045045045045, 0.009009009009009009, 0.16216216216216217]
[0.0045045045045045045, 0.036036036036036036, 0.5630630630630631, 0.0045045045045045045]
[0.018018018018018018, 0.009009009009009009, 0.0045045045045045045, 0.0045045045045045045]
[0.018018018018018018, 0.0045045045045045045, 0.018018018018018018, 0.21171171171171171]
[0.14414414414414414, 0.013513513513513514, 0.0045045045045045045, 0.02252252252252252]
[0.0045045045045045045, 0.009009009009009009, 0.013513513513513514, 0.018018018018018018]
[0.013513513513513514, 0.3063063063063063, 0.0045045045045045045, 0.0045045045045045045]
[0.0045045045045045045, 0.0045045045045045045, 0.0045045045045045045, 0.0045045045045045045]
[0.05405405405405406, 0.2972972972972973, 0.0045045045045045045, 0.036036036036036036]
[0.013513513513513514, 0.02702702702702703, 0.009009009009009009, 0.013513513513513514]
[0.009009009009009009, 0.009009009009009009, 0.0045045045045045045, 0.0045045045045045045]
[0.009009009009009009, 0.0045045045045045045, 0.009009009009009009, 0.0045045045045045045]
[0.0045045045045045045, 0.0045045045045045045, 0.0045045045045045045, 0.013513513513513514]
[0.009009009009009009, 0.0045045045045045045, 0.0045045045045045045, 0.0045045045045045045]
[0.20270270270270271, 0.15315315315315314, 0.009009009009009009, 0.009009009009009009]
[0.0045045045045045045, 0.04504504504504504, 0.009009009009009009, 0.009009009009009009]
[0.009009009009009009, 0.02252252252252252, 0.013513513513513514, 0.02252252252252252]
[0.0045045045045045045, 0.013513513513513514, 0.30180180180180183, 0.13513513513513514]
[0.45495495495495497, 0.013513513513513514, 0.0045045045045045045, 0.22972972972972974]
