[0.28378378378378377, 0.013513513513513514, 0.009009009009009009, 0.0045045045045045045]
[0.036036036036036036, 0.0045045045045045045, 0.013513513513513514, 0.009009009009009009]
[0.013513513513513514, 0.8783783783783784, 0.009009009009009009, 0.0045045045045045045]
[0.009009009009009009, 0.009009009009009009, 0.8513513513513513, 0.0045045045045045045]
[0.25675675675675674, 0.0045045045045045045, 0.013513513513513514, 0.0045045045045045045]
[0.0045045045045045045, 0.009009009009009009, 0.009009009009009009, 0.0045045045045045045]
[0.013513513513513514, 0.0045045045045045045, 0.0045045045045045045, 0.009009009009009009]
[0.06306306306306306, 0.009009009009009009, 0.0045045045045045045, 0.18018018018018017]
[0.0045045045045045045, 0.0045045045045045045, 0.0045045045045045045, 0.0045045045045045045]
[0.07657657657657657, 0.0045045045045045045, 0.009009009009009009, 0.0045045045045045045]
[0.03153153153153153, 0.0045045045045045045, 0.0045045045045045045, 0.013513513513513514]
[0.009009009009009009, 0.0045045045045045045, 0.0045045045045045045, 0.0045045045045045045]
[0.0045045045045045045, 0.009009009009009009, 0.0045045045045045045, 0.009009009009009009]
[0.0045045045045045045, 0.0045045045045045045, 0.009009009009009009, 0.0045045045045045045]
[0.0045045045045045045, 0.0045045045045045045, 0.0045045045045045045, 0.0045045045045045045]
[0.036036036036036036, 0.0045045045045045045, 0.009009009009009009, 0.0045045045045045045]
[0.018018018018018018, 0.0045045045045045045, 0.0045045045045045045, 0.013513513513513514]
[0.09009009009009009, 0.0045045045045045045, 0.013513513513513514, 0.7072072072072072]
[0.009009009009009009, 0.013513513513513514, 0.013513513513513514, 0.0045045045045045045]
[0.03153153153153153, 0.0045045045045045045, 0.0045045045045045045, 0.0045045045045045045]
