1946.725034245116
2018.097588373992
1906.5292612220223
1797.3485750350178
2132.812691145245
2328.641186757533
2340.0619034514793
2486.3056149529625
2875.2039536544958
2921.4316417912446
2970.820183664186
2927.4286542483683
2922.1876859261115
2871.8686816149198
2768.723302424773
2786.569432434562
2790.863340450813
2804.194066112348
2800.4348375092086
2807.016126517183
2803.900887764186
2805.416119619428
2801.759119565157
2802.4118085448063
2799.878917226991
2801.4884849288883
2812.5619768072065
2807.616294719675
2799.405076447305
2806.480700653715
2800.0770854250395
2804.8928802928804
2790.1115026128086
2804.279786029293
2798.7981319419796
2790.0945205035287
2802.7681112816153
2800.7301262253177
2806.1546206276084
2808.5148097919855
2806.878397195456
2810.2576435278907
2804.6731643337725
2807.0273945949216
2797.861094945056
2809.282276246525
2802.3958354061
2801.369525197192
2801.6756016384256
2812.587321605548
2793.5546028538974
2796.5542420398824
2799.2159671942245
2793.5213095453646
2792.3809511748627
2792.19541015097
2804.713184768703
2809.440605527083
2806.059403802397
2805.4119782660778
2800.3724833373176
2803.482878961879
2807.2277475560722
2798.2237266825027
2798.2600381876678
2799.9727362203207
2802.9544568735105
2808.2276911306703
2803.557246742273
2807.16714367627
2801.132749208733
2802.295892437183
2798.5718131465997
2803.87928820738
2782.3664247807983
2787.425783880673
2796.5994270442884
2799.6130832104786
2797.4429310392657
2786.187248222234
2798.121554560985
2799.8429106064627
2801.671493367984
2794.6357742666205
2802.52836429758
2800.2573962777797
2797.3653008460856
2810.2001377192614
2804.140414377591
2803.528439305846
2798.5470983314044
2804.2022940683923
2795.269441235366
2808.635906747736
2795.0311794982554
2809.5542049780556
2807.233101609733
2810.404115434104
2799.3541277952036
2795.1166149301253
2795.2140398694273
2789.89244522939
2794.6749797359316
2796.585517895502
2793.2439619580286
2803.398869696798
2798.502492638286
2804.3313931137777
2800.2321969923937
2805.45312848145
2807.121562862524
2809.281190391263
2802.005610416346
2802.977020110907
2807.0212817350425
2799.356515592507
2797.247538780571
2799.3350946993396
2794.25146432984
2803.2659746801855
2805.01263686666
2804.0929509162424
2796.291013954202
2794.6387568172363
2788.8334623722244
2804.367459955936
2795.964360476855
2794.7050022627295
2797.3749815980873
2796.6271593957713
2779.924706630484
2783.277278109281
2799.8233626499964
2801.1911633516097
2793.305216966234
2799.8356048966293
2795.3789805228885
2804.840100017715
2805.0836578805097
2804.6989094411156
2804.533243164294
2800.9182419873196
2798.0989600729745
2796.581460307531
2808.8744165616677
2805.9312926214056
2807.4695798049984
2801.6363115588047
2803.40145758143
2799.27420049873
