3811.941529798408
4120.571055502363
4148.348849167363
4266.682092752281
4384.7886785799255
4428.905603599909
4434.057369405918
4434.7147677735975
4436.869221836247
4437.3642752353635
4426.328359288667
4430.773603240008
4439.033554512674
4425.291445929847
4434.5443926361495
4428.904189743488
4445.225334026404
4433.233292678252
4427.486318791456
4432.932099339388
4428.7312330270315
4437.346770098863
4428.691748210577
4434.590867175676
4426.015264743194
4429.486268578151
4428.8153956413535
4435.0441407160815
4438.01583546436
4430.044443939938
4439.993090520718
4439.593363333259
4428.721516567112
4429.615068600438
4424.073862767107
4436.68951034852
4433.30947154742
4426.153894723755
4430.1322536176085
4429.143315761867
4428.171930651533
4434.580545232377
4440.791551406049
4433.525044599745
4425.728576856772
4440.378446040851
4433.279375518568
4439.6573709314
4439.375736561237
4425.342624484732
4436.7951903897165
4434.600418011589
4431.149551591655
4437.505824880929
4425.416200498276
4438.179996321879
4428.978963883409
4437.211769569696
4423.206668581806
4427.349303103027
4437.149842695949
4426.414535266332
4438.018082303939
4437.476584242784
4440.518908609698
4432.0053462418255
4441.149471188997
4436.240492805223
4443.681144732641
4435.7369128682485
4441.815529963981
4443.304882149327
4439.021742736569
4439.062245437675
4438.700254509041
4436.916107713926
4441.0056733057345
4434.89526218723
4427.97264820088
4431.999497469976
4430.440238130997
4437.640581775657
4427.7770965383115
4433.2796338077915
4448.052763298352
4436.439328185426
4425.564009483873
4428.2297093829875
4430.483372825571
4429.106289511484
4431.30043986804
4426.068941177678
4437.03836721117
4433.1090257118485
4433.765153685146
4429.608044841101
4440.7408775335625
4436.510614576189
4433.5670117613745
4436.919057504345
4433.13431500798
4430.6151927526
4423.953986071656
4431.662087547599
4432.99894587766
4443.718840101657
4437.110294099415
4437.71293853626
4445.649655907971
4438.486094605422
4439.477573682536
4434.953852847495
4425.949982267648
4429.812933478689
4436.3588747740805
4439.781881716843
4439.268611354922
4442.353053988775
4437.867667008438
4438.541757638639
4428.855479311023
4434.996726633148
4429.5857146745275
4431.687671793621
4439.087614318668
4435.423040243596
4434.9710002202755
4432.149376714956
4432.144393855355
4432.232432514168
4436.896174906694
4434.42424566943
4433.057435913922
4432.85421662324
4430.5550138055305
4434.5009082310125
4428.9445300730995
4445.113899125684
4429.51000708811
4424.219995693354
4429.658544618458
4432.94764468429
4426.650096796888
4439.572113846634
4443.007946243953
4432.106852950322
4436.423960963793
4432.318662665061
4431.93279680743
4424.36457642219
