3616.1856626530166
4122.636513465926
4240.975937200465
4467.313915780928
4463.434321487963
4485.466720584687
4536.735974538872
4477.970764076776
4429.979846818193
4423.08875705881
4430.877882908003
4425.683831914118
4439.972699273167
4439.41987180535
4426.181240169739
4432.295241401835
4435.6268581259965
4442.720967950046
4438.595266160043
4436.003730854712
4435.567906308511
4432.761277388935
4425.048278372745
4428.264518237233
4436.372074285886
4424.359849423982
4428.591082731553
4438.085679479956
4429.124503114527
4443.664196630369
4438.386810652001
4431.376586031942
4439.881759743321
4435.853368489198
4434.026099813923
4430.860840606282
4427.313848357837
4426.824111720969
4437.700090800504
4431.254742148835
4425.466414704063
4427.799215190562
4439.370217571771
4432.725939665675
4420.27011772039
4434.248373081193
4431.782223489823
4431.647202311742
4437.734727687322
4432.525663940017
4437.225850304968
4434.679032599843
4440.354479629778
4418.696417630224
4430.023084510567
4433.163309024813
4426.7438639331585
4425.9324370599925
4429.3331814013545
4429.813497372251
4438.110951488182
4429.90810548401
4428.025596151427
4430.603093416879
4430.000742058578
4437.337871140087
4430.666420966105
4424.559679995819
4435.773777951728
4427.509828277829
4431.269061827883
4448.22726819102
4431.737868836321
4433.064511116733
4438.452981330789
4424.8607013031115
4430.515211596969
4423.3783168731525
4427.121694858395
4427.311719656998
4438.9292684037755
4438.964430855759
4430.412357551148
4442.214747433053
4427.878660977012
4441.4639625201
4435.414355731251
4428.906726067448
4430.572053884363
4442.887705737262
4428.233468029753
4428.283675256809
4435.047967753705
4430.914030853536
4440.477314856151
4428.784874770117
4442.3723568641835
4434.412108622976
4432.330732962239
4429.802646358872
4443.535161437002
4433.202180878522
4437.513076638646
4436.123389287652
4432.1673071051855
4442.218540237927
4437.999372234879
4435.520049867112
4431.857958756017
4435.696687385696
4440.987721994707
4444.581210828919
4431.705330469667
4427.39505253911
4425.592374137089
4437.342465694642
4428.583181770951
4431.2192581409445
4431.79505101502
4429.720865471395
4437.294253201644
4426.246275271201
4427.595559365086
4435.981888844084
4430.159937641361
4441.473870981794
4438.536209619981
4438.851901721102
4432.792129285072
4442.088322914328
4441.364122176113
4432.868834283748
4424.647297166049
4432.561498995649
4444.9396579394415
4438.116544586088
4448.766351773475
4436.3829275188655
4447.346094530805
4428.8444914425345
4427.505142776226
4428.0599816856275
4429.966546264882
4433.305372054367
4430.4434870457335
4439.4441109114105
4431.055648201799
4429.01978868976
4436.913341905877
4428.949848465052
